1211.5478133885508
1255.7695973071811
1364.6215885996266
1234.8686448710675
1248.385418167134
1364.716875418789
1476.1204440612416
1310.3718479914737
1070.1950183558151
1251.2509020856007
1215.355582635983
1240.0494746266822
1174.9296284067377
1358.7660912403549
1477.4053124928569
1292.2437640603619
1244.7699112202017
1333.0895327603125
1312.5922785822577
1261.450211756677
1293.779311819319
1162.3828874552519
1339.6080948782212
1392.6271244446311
1359.9363833545522
1277.5993688387637
1413.1793320219713
1305.6495098394385
1278.201690911103
1485.441264423423
