634.221606686657
644.3865729367039
658.9814916571853
654.8039074350975
618.6134280580986
694.702939865783
580.1844425491702
633.6016289372546
669.2072111581117
671.1490970764357
581.1553183607948
668.5716154999404
690.7494935752277
714.3070243242296
617.3168610802143
585.8275424419888
713.3321264330543
502.74721272036743
581.9965738383871
515.8520374768282
674.6692795309496
605.355172016086
566.3605940627235
504.3048240095227
721.9034676905173
688.6044949311521
645.3265202250044
693.1442062441926
621.1250281774945
594.8135846299322
