1305.0220116552891
1110.5541181766646
1116.354722136666
1358.7163422862263
1375.8763656481344
1270.7427974225302
1295.5227400753054
1137.706099339875
1248.1788467490644
1135.1945962197087
1356.134464781767
1098.1882730462125
1198.0916366833453
1349.6139083299674
1413.4500597565054
1082.2671306223822
1200.5077130404693
1240.0022057494537
1259.0982065636517
1141.364163900746
1231.1238155386889
1229.9823718480632
1296.0257531213224
1290.2323924480954
1137.4054853977675
1280.2589141586122
1280.725287176099
1205.5642883286403
1003.1540452318478
1125.3465022918367
