988.5770542478551
1024.6087731738053
978.3716603145698
877.0724807110463
974.5874943831682
1124.6403669051854
1110.1355338509104
965.1105311016529
1106.866803278352
937.7555388629787
982.5536201314467
1064.1042100913614
1151.2648329763358
759.5329255775648
973.7037968394802
914.2012300300786
972.1260288046299
917.2198543795922
938.3623579991821
812.4653165995603
1130.1462877443776
1039.929381666399
797.0297125738579
1130.4037697984973
957.4950092632845
836.4896616428446
904.7507096423203
1058.2100326770806
934.0299177954016
1194.373857592192
